0.000195048
 0.0031706
 -0.000411263
 0.00290435
 0.000362156
 0.00301574
 -0.000253903
 0.00293321
 -0.00109933
 0.0215479
 -0.00607977
 0.0215679
 0.00120418
 0.0199508
 -0.00309563
 0.022054
 0.00341424
 0.0206159
 -0.00204821
 0.0221122
 -0.000392956
 0.0217031
 -0.0045201
 0.0210627
 0.000518267
 0.0031234
 -4.01127e-05
 0.00309101
 2.96768e-05
 0.00332089
 -0.000485832
 0.00290554
 0.00108539
 0.021347
 -0.00302679
 0.0215075
 0.000416731
 0.02111
 -0.00374988
 0.0217189
 -0.0191274
 0.131462
 -0.0923546
 0.175092
 0.00232348
 0.107156
 -0.0741879
 0.188029
 0.0619681
 0.140648
 -0.00188658
 0.15144
 0.000179238
 0.162039
 -0.0543502
 0.130367
 0.00553005
 0.0219122
 0.000289004
 0.0205086
 0.0022945
 0.0243249
 -0.00303224
 0.019437
 0.00107889
 0.023079
 -0.00367434
 0.0211465
 0.00414439
 0.0232063
 -0.001164
 0.0232948
 -0.0166703
 0.186462
 -0.055054
 0.132582
 0.0707667
 0.160286
 0.0297068
 0.184334
 0.07611
 0.195774
 -0.0130477
 0.105099
 0.105091
 0.197627
 0.0200546
 0.142683
 0.00446583
 0.0233816
 -0.000863936
 0.0185147
 0.00701344
 0.0249408
 0.00159591
 0.0209728
 0.000267603
 0.0034432
 -0.000297955
 0.00308704
 0.000400878
 0.00340469
 -0.000138732
 0.00305395
 0.00178658
 0.0244574
 -0.00305869
 0.0217008
 0.00281661
 0.0236104
 -0.00105058
 0.0214965
 0.00370276
 0.0236995
 -0.000983021
 0.0202388
 0.00238437
 0.0233862
 -0.000998467
 0.0212621
 0.00032681
 0.00325053
 -0.000216165
 0.00283973
 0.000356479
 0.00324013
 -8.31166e-05
 0.00304605
 
-0.00038044
 0.00311901
 0.000802079
 0.00343689
 -0.00079064
 0.00326058
 0.000144951
 0.00261055
 -0.000154068
 0.0225186
 0.00909521
 0.0239507
 -0.00364334
 0.0230519
 0.00272906
 0.0168933
 -0.000144777
 0.0226436
 0.00713912
 0.0212273
 -0.00102751
 0.0210211
 0.00402705
 0.0175434
 -0.000438097
 0.00311317
 0.000402223
 0.0028082
 -0.000153658
 0.00280662
 0.000455398
 0.00269394
 -0.00581302
 0.0210478
 0.00337757
 0.0228754
 -0.00766088
 0.0212013
 0.00178108
 0.0196336
 -0.0367994
 0.128818
 0.0900401
 0.201445
 -0.115539
 0.185679
 0.00142494
 0.113725
 0.000420271
 0.121365
 0.108865
 0.199661
 -0.100092
 0.189772
 -0.00208932
 0.10213
 -0.00365546
 0.0201104
 0.00338196
 0.0215368
 -0.00576327
 0.0208677
 0.000323921
 0.0189627
 -0.00521132
 0.0211676
 0.00228303
 0.0199408
 -0.00290083
 0.0186661
 0.00404958
 0.0189036
 -0.0633993
 0.165147
 0.0424358
 0.14933
 -0.0437631
 0.128656
 0.0472233
 0.139159
 0.0110174
 0.129385
 0.118551
 0.189955
 -0.0821221
 0.178775
 0.0192701
 0.0956834
 -0.00223188
 0.0187464
 0.0064509
 0.0240324
 -0.00931267
 0.0231826
 -0.000495211
 0.0174928
 -0.000538128
 0.00301402
 0.000321515
 0.00276966
 -0.000219908
 0.00274417
 0.000474601
 0.00261083
 -0.00552828
 0.0232315
 0.00257339
 0.0194887
 -0.000799527
 0.0183778
 0.00487751
 0.0189064
 -0.000265116
 0.0225775
 0.00871825
 0.0213696
 -0.00154605
 0.0211726
 0.00507222
 0.0173436
 -7.12817e-05
 0.0029606
 0.000957922
 0.00322241
 -0.000591094
 0.00329374
 0.000317088
 0.00252642
 
9.52575e-07
 0.00324814
 -0.000117149
 0.00294345
 0.000104631
 0.00307433
 1.37761e-05
 0.00291784
 0.00213592
 0.0244694
 0.00146447
 0.0204446
 0.000352801
 0.0221658
 0.000761591
 0.0201265
 -0.00163083
 0.0251066
 -0.000594675
 0.0210685
 0.00062956
 0.0222906
 0.00115559
 0.0204977
 9.32189e-05
 0.00321808
 0.000150743
 0.00291725
 1.45977e-05
 0.00324618
 7.39903e-05
 0.00285119
 0.0014925
 0.0233554
 0.000530669
 0.0203949
 0.00365213
 0.0239723
 0.00189502
 0.0198638
 0.0702561
 0.204982
 0.0183057
 0.109652
 0.0852932
 0.188638
 0.0402157
 0.127188
 -0.0707458
 0.199321
 -0.0259256
 0.129406
 0.0304874
 0.136727
 0.0727919
 0.185352
 -0.000279208
 0.0227004
 0.000586431
 0.0212622
 0.000861612
 0.0227238
 0.00204429
 0.0222427
 0.00160345
 0.0223935
 0.00121865
 0.0217577
 -0.00137035
 0.0229746
 -0.00108643
 0.0186095
 0.0366266
 0.136472
 0.0580697
 0.176631
 -0.0619351
 0.172773
 -0.0269578
 0.114368
 -0.042688
 0.145073
 -0.0684425
 0.176544
 -0.0248146
 0.111777
 -0.0496611
 0.177749
 -0.000442923
 0.0224445
 0.00012283
 0.021519
 -0.00127959
 0.0209268
 -0.000590663
 0.0214692
 1.09549e-05
 0.0032112
 5.279e-05
 0.00308439
 -0.000129173
 0.00309638
 -1.97262e-05
 0.00282177
 0.00226702
 0.0218825
 0.00235799
 0.0224193
 -0.00165651
 0.0217816
 -0.000958328
 0.0193248
 -0.00209283
 0.0221612
 -0.00242283
 0.0228144
 -0.00134996
 0.0208169
 -0.000899879
 0.0206094
 -1.08773e-05
 0.00327608
 2.65538e-05
 0.00297905
 -4.56446e-06
 0.00307793
 4.19476e-05
 0.00291923
 
